../assets/coffee.obj
0 69
0 69
0 69
0 77
0 69
0 258
1 258
2 258
3 258
4 258
5 258
6 258
7 258
8 258
9 258
10 258
11 258
12 258
13 258
14 69
14 258
15 258
16 258
17 258
18 258
19 258
20 32
53 32
53 32
83 32
83 83
83 69
83 69
83 69
83 69
83 69
83 32
150 32
150 32
160 32
160 69
160 32
1377 67
1496 67
1506 67
1534 67
1550 67
1563 67
10658 32
10658 83
10658 69
10658 69
10658 69
10658 69
10658 69
10658 32
10929 32
10929 69
10929 32
13931 87
15873 32
15873 87
15873 68
15873 69
15873 69
15873 69
15873 69
15873 69
15873 32
15887 32
15887 68
15887 32
15892 32
15892 83
15892 32
16589 69
21253 32
21253 87
21253 -1
