../assets/sailboat.obj
0 77
0 258
1 258
2 258
3 258
4 258
5 258
6 258
7 258
8 258
9 258
10 258
11 83
11 258
12 258
13 258
14 258
15 258
16 258
17 258
18 258
19 258
20 69
20 258
21 258
22 258
23 258
24 258
25 258
26 258
27 258
28 258
29 258
30 258
31 258
32 32
42 32
42 32
145 32
145 32
219 32
219 83
219 32
297 32
297 32
352 32
352 32
592 32
592 32
1084 32
1084 32
1602 32
1602 69
1602 32
1631 32
1631 69
1631 32
1701 32
1701 32
1859 67
1863 67
1866 67
1873 67
1885 67
1887 67
1889 67
1892 32
1892 67
1892 32
2236 32
2236 83
2236 32
2784 68
2786 68
3775 32
3775 69
3775 32
3791 69
3819 32
3819 32
4666 32
4666 70
4666 -1

